     0/399    0.728G    0.1309   0.03586   0.04231     0.209        30       640         0         0         0         0    0.1231   0.03637   0.03747
     1/399    0.772G    0.1285   0.03307   0.04245     0.204        30       640         0         0         0         0    0.1234   0.03501   0.03711
     2/399     1.64G    0.1279   0.03342   0.04197    0.2033        33       640         0         0         0         0     0.121   0.03527   0.04011
     3/399     1.64G     0.126   0.03535   0.04206    0.2034        26       640         0         0         0         0    0.1153   0.03771   0.04116
     4/399     1.64G    0.1226   0.03573   0.04123    0.1996        25       640 0.0007363   0.03922 9.193e-05 9.193e-06    0.1117   0.03779    0.0416
     5/399     1.64G     0.121   0.03855   0.04051    0.2001        44       640         0         0         0         0    0.1126   0.03604   0.04255
     6/399     1.64G    0.1155   0.03699   0.03924    0.1917        24       640         0         0         0         0    0.1093   0.03771   0.04227
     7/399     1.64G    0.1104   0.04453   0.03885    0.1938        32       640 0.0007752   0.01961 5.721e-05 1.144e-05    0.1062    0.0392   0.04227
     8/399     1.64G    0.1056   0.04588   0.03839    0.1899        40       640  0.001636   0.09804 0.0002576 7.015e-05    0.1039   0.03947   0.04199
     9/399     1.64G    0.1019   0.04613   0.03708    0.1851        28       640  0.005622    0.1176  0.001684 0.0002852    0.1035   0.03961   0.04182
    10/399     1.64G   0.09691   0.05074   0.03743    0.1851        30       640  0.006888    0.4314  0.004124  0.000732   0.09555    0.0418   0.04073
    11/399     1.64G   0.09076   0.04828   0.03702    0.1761        22       640   0.01338    0.2549   0.01746  0.002108   0.09326   0.04235   0.03913
    12/399     1.64G   0.08951   0.05414   0.03631      0.18        31       640   0.01408    0.3095   0.01083  0.001396   0.09166   0.04285   0.03844
    13/399     1.64G   0.08492   0.05084   0.03631    0.1721        29       640   0.04717    0.3137   0.02533  0.003947   0.08199   0.04626    0.0377
    14/399     1.64G   0.07989   0.04894   0.03594    0.1648        22       640    0.1202     0.451    0.1188    0.0345    0.0712   0.04993   0.03712
    15/399     1.64G   0.08063   0.05144   0.03521    0.1673        26       640    0.1651    0.5686    0.1942   0.04756   0.07163   0.04956   0.03572
    16/399     1.64G   0.08203   0.05377    0.0351    0.1709        30       640    0.2534    0.7059    0.3413    0.1055   0.06334   0.05096   0.03552
    17/399     1.64G    0.0794   0.05303   0.03435    0.1668        30       640    0.2332    0.4007    0.2089    0.0493   0.06608   0.04946   0.03447
    18/399     1.64G   0.07893   0.05487   0.03355    0.1673        31       640    0.4242    0.6667    0.5021    0.1762   0.06088   0.04874   0.03351
    19/399     1.64G   0.06894   0.05045   0.03351    0.1529        18       640   0.02088    0.8627   0.02706  0.006529   0.07624   0.04497   0.03424
    20/399     1.64G   0.07299   0.05604   0.03299     0.162        23       640    0.2059    0.3333    0.1726   0.02368   0.06963   0.04443   0.03338
    21/399     1.64G   0.07079   0.05258   0.03251    0.1559        32       640    0.5109    0.7577    0.7193    0.2455    0.0557   0.04444   0.03283
    22/399     1.64G    0.0671   0.05221   0.03191    0.1512        24       640    0.1517    0.2745    0.1296   0.02547   0.06733   0.04004   0.03157
    23/399     1.64G   0.06335   0.04189   0.03189    0.1371        20       640    0.3975     0.693    0.4822   0.08502   0.06038   0.03898   0.03065
    24/399     1.64G   0.06553   0.04152   0.03048    0.1375        30       640    0.4842    0.6863    0.5426    0.1441   0.05933   0.03593   0.03019
    25/399     1.64G   0.06794   0.04291   0.03059    0.1414        41       640    0.4308     0.902    0.4924    0.1652   0.05569   0.03513   0.02935
    26/399     1.64G   0.05989   0.04149   0.02993    0.1313        36       640    0.6161    0.9412    0.7032    0.3292   0.05742   0.03064    0.0291
    27/399     1.64G   0.06387   0.03835   0.03011    0.1323        37       640    0.4378    0.6554    0.5552    0.2409   0.06524   0.02992   0.02836
    28/399     1.64G   0.06626   0.03428   0.02877    0.1293        36       640    0.4781    0.7843    0.5974    0.1946   0.06749   0.02967   0.02796
    29/399     1.64G   0.06565   0.03305   0.02838    0.1271        20       640    0.4023    0.7976    0.5091    0.1421   0.07915   0.02977   0.02706
    30/399     1.64G   0.06781   0.02925   0.02686    0.1239        15       640    0.4496    0.7332    0.5951    0.1922   0.06514   0.02541   0.02582
    31/399     1.64G   0.06075   0.03066   0.02669    0.1181        37       640    0.6951    0.6471    0.7745    0.3193   0.05824   0.02442   0.02494
    32/399     1.64G   0.06569   0.03183   0.02481    0.1223        31       640    0.4231    0.5429    0.5202    0.1981   0.06906   0.02309   0.02437
    33/399     1.64G   0.06786   0.02828   0.02381    0.1199        45       640    0.4552    0.8431    0.6743    0.2714   0.06458   0.02261   0.02364
    34/399     1.64G   0.05904    0.0304   0.02463    0.1141        41       640    0.7369    0.5882    0.6106    0.1243   0.05845   0.02376   0.02305
    35/399     1.64G   0.06033    0.0253   0.02398    0.1096        19       640    0.5849    0.7818    0.7964    0.3771   0.06395   0.02091   0.02272
    36/399     1.64G   0.06418   0.02759    0.0235    0.1153        26       640    0.3507     0.803    0.5105    0.1116   0.07635   0.02177   0.02281
    37/399     1.64G   0.07483   0.02541   0.02226    0.1225        38       640    0.5471    0.8349    0.7796    0.4155    0.0596   0.02223   0.02239
    38/399     1.64G   0.06143   0.02435   0.02248    0.1083        27       640    0.4623    0.6667    0.6425    0.2396    0.0743   0.02145   0.02232
    39/399     1.64G   0.07415   0.02524   0.02262     0.122        27       640     0.401    0.5882    0.5957    0.2952   0.07063   0.02188   0.02194
    40/399     1.64G    0.0661   0.02591   0.02175    0.1138        31       640    0.6357    0.7059    0.7201    0.2374   0.06659   0.02069   0.02139
    41/399     1.64G   0.06555   0.02486   0.02181    0.1122        17       640     0.363    0.7451       0.6    0.2122   0.06274   0.02129   0.02094
    42/399     1.64G   0.06109   0.02577   0.02157    0.1084        37       640    0.5817    0.5686    0.4368    0.1524   0.06806   0.02331   0.02065
    43/399     1.64G   0.06626   0.02635   0.02097    0.1136        28       640    0.2591    0.8611    0.4877   0.09411   0.05984   0.02141    0.0207
    44/399     1.64G   0.07116   0.02392   0.02153    0.1166        26       640    0.2439    0.6863    0.3154   0.07668   0.08793   0.01949   0.02067
    45/399     1.64G     0.083   0.02271   0.02071    0.1264        26       640    0.3076    0.6471    0.4777    0.1306    0.0752   0.02039   0.02081
    46/399     1.64G   0.06945   0.02535   0.02061    0.1154        29       640    0.4225    0.6275    0.6202     0.166   0.05815   0.02148   0.02038
    47/399     1.64G     0.064   0.02764   0.02061    0.1122        31       640    0.5916    0.6855    0.5768    0.1622   0.06097   0.02171   0.01996
    48/399     1.64G   0.06047   0.02826   0.02104    0.1098        40       640    0.7625    0.6067    0.6338    0.2213   0.06027   0.02171   0.01981
    49/399     1.64G   0.06265   0.02512   0.02015    0.1079        29       640    0.2182    0.9412    0.3964    0.1064   0.07217   0.02008    0.0192
    50/399     1.64G    0.0678   0.02325   0.01913    0.1102        20       640    0.2062    0.8235    0.3367   0.06445   0.05767   0.01994   0.01888
    51/399     1.64G   0.06111   0.02379   0.01963    0.1045        39       640    0.2083    0.9804    0.3124   0.07693   0.06485   0.01913   0.01823
    52/399     1.64G   0.06366   0.02264   0.02058    0.1069        32       640    0.1861    0.9412    0.4168    0.1898   0.06732   0.02083   0.01837
    53/399     1.64G   0.06606   0.02248   0.01975    0.1083        24       640    0.8506    0.6863    0.7976    0.5032   0.05655   0.02025   0.01859
    54/399     1.64G   0.06351   0.02284   0.01983    0.1062        30       640    0.7023    0.6067     0.493     0.184   0.06878   0.01875   0.01888
    55/399     1.64G   0.05773   0.02321   0.01964    0.1006        22       640    0.3261    0.9216     0.637    0.1884   0.06266    0.0183    0.0188
    56/399     1.64G   0.06246   0.02138   0.01964    0.1035        15       640    0.3201    0.7434    0.4641    0.1316   0.06073   0.01869   0.01885
    57/399     1.64G   0.06247   0.02273   0.02005    0.1052        24       640    0.3591     0.902    0.6341    0.2145   0.06488   0.01743    0.0186
    58/399     1.64G     0.061   0.02438   0.01829    0.1037        21       640     0.456    0.8235    0.6545     0.275   0.05299   0.01938    0.0183
    59/399     1.64G   0.05724   0.02387    0.0182   0.09932        38       640    0.2253    0.8824     0.386    0.1495   0.06207   0.01899   0.01772
    60/399     1.64G   0.06358   0.02109   0.01869    0.1033        23       640    0.2565    0.9804    0.5006    0.1255   0.08127   0.01769   0.01725
    61/399     1.64G   0.08054   0.02397   0.01775    0.1223        40       640    0.9995    0.3137    0.4529    0.2433    0.0741   0.01808   0.01684
    62/399     1.64G   0.06469   0.02394   0.01799    0.1066        18       640    0.3769         1    0.7048    0.2496   0.05201   0.02048   0.01615
    63/399     1.64G   0.05879     0.027   0.01662    0.1024        33       640    0.4017    0.9409    0.7459    0.3058   0.05527   0.01915   0.01649
    64/399     1.64G    0.0563   0.02388    0.0167   0.09688        32       640    0.5034    0.9197    0.8172    0.3383   0.06302   0.01897   0.01624
    65/399     1.64G    0.0622   0.02198   0.01758    0.1018        28       640    0.6945     0.883    0.9452    0.5761   0.04888    0.0187   0.01591
    66/399     1.64G   0.05532   0.02329   0.01782   0.09642        21       640    0.4611    0.7683    0.5949     0.228   0.06757   0.01872   0.01559
    67/399     1.64G   0.06308   0.02174   0.01773    0.1026        29       640    0.6871    0.7255    0.7283      0.34   0.04867   0.01918   0.01558
    68/399     1.64G   0.05095   0.02627    0.0163   0.09352        30       640    0.4587    0.9411    0.8185    0.4123   0.06294   0.01737   0.01457
    69/399     1.64G   0.07166   0.02047   0.01591     0.108        35       640    0.3033    0.9412    0.4921    0.1424   0.07041   0.01777   0.01411
    70/399     1.64G   0.07339   0.02212   0.01556    0.1111        30       640    0.4721     0.902    0.7168    0.1879   0.06771   0.01726   0.01352
    71/399     1.64G   0.06502   0.02358   0.01521    0.1038        23       640    0.7318    0.9197    0.8295    0.3444   0.05496   0.01962   0.01328
    72/399     1.64G   0.05345   0.02734   0.01572   0.09651        40       640    0.5706    0.8092    0.7094    0.1906   0.05314   0.01906   0.01295
    73/399     1.64G   0.05463    0.0233   0.01554   0.09347        29       640    0.6946    0.9216    0.8195    0.3596    0.0463   0.01918   0.01184
    74/399     1.64G   0.05444   0.02229   0.01398   0.09071        31       640    0.4351    0.8809    0.5684    0.2336   0.06797   0.01904   0.01153
    75/399     1.64G   0.06891   0.02318   0.01349    0.1056        23       640    0.3027    0.8815    0.4592    0.2066   0.05982   0.01901   0.01102
    76/399     1.64G   0.06153   0.02042   0.01388   0.09584        21       640    0.4221    0.9861    0.8518    0.1847   0.06446   0.01814   0.01068
    77/399     1.64G   0.05977   0.02375   0.01322   0.09674        31       640    0.4804    0.9804    0.8685    0.2989   0.05457   0.01879   0.01027
    78/399     1.64G   0.05319   0.02296   0.01283   0.08897        26       640    0.7737    0.7842    0.7715    0.3464   0.05125   0.01955  0.009874
    79/399     1.64G   0.05918   0.02138   0.01229   0.09285        33       640    0.6426    0.8213    0.8343     0.417   0.05481   0.01799  0.009582
    80/399     1.64G   0.05453   0.02109   0.01154   0.08717        32       640    0.7774    0.7059    0.7952    0.2969   0.05302   0.01828  0.008679
    81/399     1.64G   0.06035   0.02197   0.01113   0.09345        31       640    0.6975    0.9804     0.858    0.4116    0.0563   0.01735  0.008679
    82/399     1.64G   0.06316   0.02263   0.01026   0.09606        34       640    0.5134    0.9561    0.6858    0.3434    0.0495   0.01832  0.007976
    83/399     1.64G   0.05259   0.02331    0.0101   0.08599        37       640    0.5758    0.9608    0.7141    0.1821   0.04706   0.01753  0.007812
    84/399     1.64G   0.04408   0.02158  0.009774   0.07544        34       640    0.7032    0.9496    0.8243    0.3569   0.04031   0.01714  0.007525
    85/399     1.64G    0.0394   0.02233  0.009231   0.07097        37       640    0.7474    0.9501    0.8247    0.2556   0.06573   0.01657  0.007334
    86/399     1.64G   0.07103   0.02131  0.009503    0.1018        44       640    0.4347    0.9403    0.6248     0.194   0.05279   0.01694  0.007238
    87/399     1.64G   0.06205   0.01895   0.00897   0.08996        31       640    0.3606      0.94    0.4157    0.1323   0.06149   0.01656  0.007418
    88/399     1.64G   0.05811   0.02128  0.009606     0.089        42       640    0.4186    0.9608    0.5381    0.1877   0.05282   0.01676  0.007475
    89/399     1.64G   0.04874   0.02356  0.009935   0.08224        26       640     0.521    0.9985    0.6739    0.2431    0.0438   0.01659  0.007744
    90/399     1.64G   0.04221   0.01975  0.009324   0.07128        22       640    0.5689    0.8431    0.6479    0.2206   0.07195   0.01602  0.006911
    91/399     1.64G   0.07403   0.02047  0.008946    0.1034        29       640    0.4613    0.9412    0.4702    0.2575   0.06827    0.0158  0.006782
    92/399     1.64G   0.06561   0.02288  0.009347   0.09784        44       640    0.3961    0.9597     0.513     0.163   0.05845   0.01669  0.006941
    93/399     1.64G   0.05663   0.02155   0.00965   0.08783        26       640    0.5782    0.7045    0.7152    0.1365   0.05013   0.01674  0.007233
    94/399     1.64G   0.05085   0.02108  0.009304   0.08123        29       640    0.6823    0.9361     0.839    0.3126   0.04691   0.01655  0.007443
    95/399     1.64G   0.04696   0.02138  0.009136   0.07747        34       640    0.4191    0.9804    0.6316    0.1657   0.06257    0.0164  0.007358
    96/399     1.64G    0.0705   0.02197  0.009126    0.1016        36       640    0.5203    0.6863    0.6973     0.343   0.06619    0.0155  0.007437
    97/399     1.64G   0.06673   0.01817  0.009949   0.09485        31       640    0.5529    0.6623    0.6406    0.2309   0.05564   0.01682  0.007881
    98/399     1.64G   0.06037   0.02202  0.009897   0.09228        28       640    0.6154    0.9136    0.7801    0.3208   0.05247     0.017  0.008229
    99/399     1.64G   0.05233   0.02359   0.01013   0.08604        30       640    0.6727    0.9412    0.9093     0.327   0.04456   0.01732  0.008205
   100/399     1.64G   0.04866   0.02026  0.009743   0.07866        26       640    0.9692    0.9809    0.9951    0.6226   0.04041   0.01647  0.007314
   101/399     1.64G   0.05149   0.01852   0.00906   0.07907        26       640    0.6293    0.9804    0.8446    0.1825   0.05281    0.0156  0.007006
   102/399     1.64G   0.05466   0.01693  0.008498   0.08009        21       640     0.566    0.9533    0.7539    0.3154   0.04144   0.01556  0.006072
   103/399     1.64G   0.04951   0.02055   0.00757   0.07763        27       640    0.6026    0.9404    0.7917    0.3273   0.04251   0.01562   0.00541
   104/399     1.64G   0.04785   0.01943   0.00648   0.07376        29       640    0.7916    0.9411    0.9515    0.5913   0.04204   0.01515  0.004814
   105/399     1.64G   0.04344   0.02135  0.006134   0.07093        36       640    0.3375    0.8623    0.4843   0.07966   0.08016   0.01683  0.004001
   106/399     1.64G   0.08029    0.0205  0.006047    0.1068        32       640     0.578    0.8211    0.7744    0.3698   0.06857   0.01481  0.004308
   107/399     1.64G   0.07285   0.02088   0.00589   0.09963        28       640     0.578    0.8211    0.7744    0.3698   0.06857   0.01481  0.004308
   108/399     1.64G   0.07055   0.02129  0.006575   0.09841        36       640     0.457    0.7622    0.6254    0.1992   0.06947   0.01549  0.004485
   109/399     1.64G   0.06991   0.02543   0.00699    0.1023        42       640    0.4525    0.6548    0.5481    0.1499   0.06778   0.01651  0.004632
   110/399     1.64G   0.06634   0.02327  0.006887    0.0965        26       640    0.4054    0.8339    0.5417     0.152   0.06587   0.01702  0.004736
   111/399     1.64G   0.06142   0.02243  0.007111   0.09095        21       640     0.384    0.9192    0.5512    0.2216   0.05957   0.01789  0.004835
   112/399     1.64G   0.05997   0.02608   0.00672   0.09276        36       640    0.6759    0.6636    0.5944    0.2943   0.05078   0.01904  0.004908
   113/399     1.64G   0.05848   0.02484  0.007172   0.09049        33       640    0.5975    0.6918    0.5858    0.3284   0.04641   0.01902  0.004839
   114/399     1.64G   0.05566   0.02356  0.006913   0.08614        39       640     0.595    0.6863    0.5853    0.3522   0.04645   0.01825  0.004688
   115/399     1.64G   0.05302   0.02289  0.006234   0.08215        19       640    0.4915    0.9412    0.6355    0.3755    0.0461   0.01773  0.004523
   116/399     1.64G   0.05218   0.02027  0.006132   0.07858        29       640    0.5718    0.9792    0.7272    0.4389   0.04407   0.01686  0.004321
   117/399     1.64G    0.0507   0.01943   0.00592   0.07605        24       640    0.6197     0.902    0.8343    0.4734   0.04437   0.01632  0.004174
   118/399     1.64G   0.05246   0.01904  0.005076   0.07657        15       640    0.6627    0.9787    0.8862     0.483   0.04458   0.01581  0.003953
   119/399     1.64G    0.0512   0.01891  0.005173   0.07528        36       640    0.6884    0.9608    0.9223    0.5807   0.04443   0.01524  0.003877
   120/399     1.64G   0.04774   0.01817  0.004413   0.07032        35       640    0.8205    0.9804    0.9863    0.5423   0.04198   0.01501  0.003812
   121/399     1.64G   0.04855   0.01903  0.004383   0.07196        27       640    0.8935         1    0.9919    0.6439   0.04241   0.01452  0.003647
   122/399     1.64G   0.04742   0.01911  0.004687   0.07122        34       640    0.8955    0.9998    0.9933    0.6802   0.04071   0.01423  0.003504
   123/399     1.64G   0.04806   0.01849  0.004249    0.0708        31       640    0.8457         1    0.9902    0.6006   0.04482    0.0143  0.003446
   124/399     1.64G    0.0466   0.01811  0.003955   0.06866        22       640     0.913         1    0.9933    0.6083   0.03943   0.01401  0.003291
   125/399     1.64G   0.04857   0.01855  0.004132   0.07125        26       640    0.9712    0.9996    0.9951      0.55   0.04332   0.01435  0.003246
   126/399     1.64G   0.05034    0.0199  0.004143   0.07438        46       640    0.9907    0.9999    0.9951    0.6483   0.04186   0.01361  0.003105
   127/399     1.64G   0.05165   0.01729  0.004181   0.07312        32       640    0.9707         1    0.9951    0.5041   0.04528   0.01404  0.003098
   128/399     1.64G   0.04372   0.01571  0.003462   0.06289        32       640    0.9966         1    0.9951    0.7134   0.03829   0.01318  0.002974
   129/399     1.64G   0.04539   0.01707  0.003733   0.06618        35       640    0.9972         1    0.9951    0.7505   0.03793   0.01305  0.002902
   130/399     1.64G     0.046    0.0181  0.003766   0.06787        28       640    0.9845    0.9993    0.9951    0.6476   0.04026   0.01328   0.00288
   131/399     1.64G   0.04594   0.01872  0.003544    0.0682        34       640    0.1111    0.8824    0.1338    0.0492    0.1152   0.01864  0.002847
   132/399     1.64G    0.1182   0.02086  0.003856    0.1429        39       640    0.1111    0.8824    0.1338    0.0492    0.1152   0.01864  0.002847
   133/399     1.64G    0.1246   0.02003  0.004192    0.1488        40       640   0.08072    0.9095    0.1004   0.03711    0.1276   0.01734  0.003024
   134/399     1.64G    0.1257   0.01512  0.004636    0.1455        42       640   0.07564    0.9216   0.09482   0.03831    0.1302    0.0144  0.003351
   135/399     1.64G    0.1243   0.01314  0.005341    0.1428        40       640   0.07489    0.9216    0.1003    0.0451    0.1291   0.01169  0.003818
   136/399     1.64G    0.1239   0.01336  0.005777    0.1431        30       640    0.1547    0.3137    0.2704    0.1555    0.1241   0.01063  0.004391
   137/399     1.64G    0.1181   0.01336  0.006754    0.1382        37       640    0.7629    0.4502     0.534    0.3309    0.1135   0.01171  0.005014
   138/399     1.64G    0.1104   0.01439  0.007693    0.1324        32       640     0.937    0.6605    0.7229    0.4703    0.1034   0.01394  0.005955
   139/399     1.64G    0.1047   0.01537  0.008632    0.1287        24       640     0.937    0.6605    0.7229    0.4703    0.1034   0.01394  0.005955
   140/399     1.64G    0.1051   0.01677  0.009231    0.1311        38       640    0.9873    0.6666     0.837    0.4766    0.1081   0.01374  0.006886
   141/399     1.64G    0.1023   0.01555  0.009601    0.1274        29       640    0.9564    0.7058    0.8572    0.4212     0.108   0.01433    0.0073
   142/399     1.64G       0.1   0.02065   0.01012    0.1308        35       640    0.8662    0.7059    0.9046    0.4366       0.1    0.0165  0.008054
   143/399     1.64G   0.09673   0.02067  0.009641     0.127        26       640    0.6341    0.8525    0.9633     0.611   0.09119   0.01806  0.008079
   144/399     1.64G   0.09296   0.01949  0.009748    0.1222        28       640    0.6398     0.963    0.9951    0.6626   0.08453   0.02046  0.008652
   145/399     1.64G   0.08965   0.02308   0.01057    0.1233        40       640    0.7886    0.8131    0.9358    0.4882   0.08013   0.02169  0.008878
   146/399     1.64G   0.08401   0.02521   0.01022    0.1194        33       640    0.7886    0.8131    0.9358    0.4882   0.08013   0.02169  0.008878
   147/399     1.64G   0.08384   0.02543   0.01048    0.1198        42       640    0.6647    0.8039    0.8446    0.4205   0.08248   0.02075  0.008969
   148/399     1.64G   0.07821   0.02602   0.01062    0.1148        28       640    0.9612    0.8898    0.9951     0.494   0.07365   0.02198  0.008864
   149/399     1.64G   0.07434   0.02658  0.009891    0.1108        31       640     0.999    0.9561    0.9921    0.5009   0.06883    0.0225  0.008338
   150/399     1.64G   0.06967   0.02429  0.009001     0.103        23       640    0.9588    0.9175    0.9714    0.5627   0.06546     0.022  0.007535
   151/399     1.64G   0.06947   0.02611    0.0085    0.1041        33       640    0.8455    0.7794    0.8719    0.4223   0.07834   0.01775  0.006232
   152/399     1.64G   0.08059   0.02012  0.007764    0.1085        22       640    0.8484    0.8425    0.8933    0.4131   0.08487   0.01666  0.005624
   153/399     1.64G   0.08601   0.01977  0.007111    0.1129        34       640    0.8484    0.8425    0.8933    0.4131   0.08487   0.01666  0.005624
   154/399     1.64G   0.08936   0.02061  0.006788    0.1168        22       640    0.4418    0.6048    0.5983    0.3698   0.09515   0.01491  0.005186
   155/399     1.64G   0.09195   0.02007  0.006347    0.1184        37       640    0.4418    0.6048    0.5983    0.3698   0.09515   0.01491  0.005186
   156/399     1.64G   0.09004    0.0199   0.00668    0.1166        42       640    0.4142    0.6275    0.5453    0.3296   0.09749   0.01442  0.004785
   157/399     1.64G   0.08583   0.02127  0.006319    0.1134        33       640    0.6749    0.9412    0.7454    0.3386   0.08555   0.01621  0.004491
   158/399     1.64G   0.07966     0.023  0.005732    0.1084        31       640    0.6609    0.8231    0.6628    0.3444   0.07538   0.01701  0.004546
   159/399     1.64G   0.07467   0.02144  0.006514    0.1026        23       640    0.6609    0.8231    0.6628    0.3444   0.07538   0.01701  0.004546
   160/399     1.64G   0.07573    0.0224  0.007294    0.1054        25       640    0.4595    0.6264    0.6189    0.3452   0.07493   0.01806  0.004844
   161/399     1.64G   0.07085   0.02403  0.008079     0.103        28       640    0.5182    0.8869     0.572    0.2649   0.06693   0.01924  0.005721
   162/399     1.64G      0.07   0.01909  0.007991   0.09708        17       640    0.5499    0.9202    0.6539    0.2458   0.07296   0.01813   0.00593
   163/399     1.64G   0.07489    0.0231   0.00765    0.1056        35       640    0.5499    0.9202    0.6539    0.2458   0.07296   0.01813   0.00593
   164/399     1.64G   0.07283   0.02125   0.00863    0.1027        25       640    0.5613    0.9412    0.7802    0.3508   0.07197   0.01868  0.006523
   165/399     1.64G    0.0706   0.02268  0.007282    0.1006        41       640    0.7397    0.9432    0.8877    0.4223   0.05775   0.01968  0.006871
   166/399     1.64G   0.06536   0.02481  0.007456   0.09762        25       640    0.1744     0.645    0.2142   0.07025   0.07239   0.01921  0.005925
   167/399     1.64G   0.07576   0.02272  0.006829    0.1053        28       640    0.1744     0.645    0.2142   0.07025   0.07239   0.01921  0.005925
   168/399     1.64G   0.07525   0.02463  0.006486    0.1064        34       640    0.1928    0.6471    0.2118   0.07585    0.0736   0.01981  0.005716
   169/399     1.64G   0.07072   0.02422  0.006828    0.1018        33       640    0.2129    0.6438    0.2558    0.1117   0.06196   0.02005  0.005561
   170/399     1.64G   0.06777   0.02504  0.006971   0.09978        37       640    0.5901    0.5103    0.7051    0.3358    0.0618   0.01924  0.005401
   171/399     1.64G   0.06668   0.02356  0.007965    0.0982        28       640    0.5901    0.5103    0.7051    0.3358    0.0618   0.01924  0.005401
   172/399     1.64G   0.06817   0.02505  0.008059    0.1013        23       640    0.2826    0.9798    0.5143      0.19   0.06785   0.01883  0.005431
   173/399     1.64G   0.06166   0.02559  0.008177   0.09543        28       640    0.4551    0.9804    0.7159    0.2358   0.05288   0.01827  0.005663
   174/399     1.64G   0.05833   0.02311  0.008223   0.08966        35       640    0.4715    0.9874    0.8252    0.4784   0.06114   0.01722  0.004985
   175/399     1.64G   0.06645   0.02056  0.007749   0.09476        28       640    0.4715    0.9874    0.8252    0.4784   0.06114   0.01722  0.004985
   176/399     1.64G   0.06502   0.02227  0.008137   0.09543        40       640    0.4812    0.9221    0.8368    0.4624   0.06459   0.01693  0.004834
   177/399     1.64G   0.05746   0.02309  0.008381   0.08893        43       640    0.8863    0.9804    0.9836    0.5583   0.05148   0.01721  0.004967
   178/399     1.64G   0.05222   0.02429  0.008629   0.08514        36       640     0.967    0.9804    0.9869    0.5699   0.04886   0.01721  0.004851
   179/399     1.64G   0.05335   0.02456   0.00815   0.08606        30       640     0.967    0.9804    0.9869    0.5699   0.04886   0.01721  0.004851
   180/399     1.64G   0.05344   0.02104  0.007801   0.08228        29       640      0.93    0.9649    0.9673    0.5688   0.04947   0.01679  0.004672
   181/399     1.64G   0.05006   0.01736  0.007513   0.07493        18       640    0.9428    0.9993    0.9951    0.6004   0.04433   0.01661  0.003917
   182/399     1.64G    0.0523   0.02134  0.005588   0.07922        15       640     0.893     0.894    0.9817     0.535   0.05253   0.01715  0.003759
   183/399     1.64G   0.05987   0.02072  0.006059   0.08665        28       640     0.893     0.894    0.9817     0.535   0.05253   0.01715  0.003759
   184/399     1.64G   0.06483   0.01988  0.006181   0.09089        24       640    0.8141    0.9608    0.8917     0.403   0.05622   0.01707   0.00379
   185/399     1.64G   0.05701    0.0207  0.006502   0.08421        37       640    0.8382    0.9995    0.9623    0.3244    0.0482   0.01655  0.003931
   186/399     1.64G   0.05393   0.02065  0.006831   0.08141        40       640    0.7257    0.7059     0.802    0.2141    0.0497    0.0154  0.005512
   187/399     1.64G   0.05774   0.01992   0.00818   0.08584        36       640    0.7257    0.7059     0.802    0.2141    0.0497    0.0154  0.005512
   188/399     1.64G   0.05817   0.02152  0.007433   0.08712        31       640    0.6529    0.6863    0.7327     0.244   0.05236   0.01485  0.005595
   189/399     1.64G   0.05182    0.0173  0.007194   0.07632        15       640    0.8962    0.9089    0.9389    0.3607   0.03827   0.01457  0.004348
   190/399     1.64G   0.04892   0.02153  0.006381   0.07684        35       640    0.8709    0.8967    0.9548    0.3351   0.04415   0.01509  0.004274
   191/399     1.64G    0.0552   0.01969  0.005741   0.08064        25       640    0.8709    0.8967    0.9548    0.3351   0.04415   0.01509  0.004274
   192/399     1.64G   0.05677   0.01925  0.006085   0.08211        43       640     0.464     0.902     0.583    0.2566   0.05633   0.01573  0.004078
   193/399     1.64G   0.05242   0.01783  0.005815   0.07606        24       640    0.7354    0.9373    0.8165    0.3132   0.04625   0.01506  0.004016
   194/399     1.64G   0.04787   0.01886  0.005683   0.07241        21       640     0.947    0.9155    0.9828    0.5192   0.03908   0.01478  0.003994
   195/399     1.64G   0.04431   0.01914  0.005534   0.06899        21       640     0.947    0.9155    0.9828    0.5192   0.03908   0.01478  0.003994
   196/399     1.64G    0.0445    0.0185  0.005324   0.06833        26       640    0.8857    0.8606    0.9468     0.502   0.04087    0.0148   0.00398
   197/399     1.64G   0.04042   0.01824    0.0058   0.06446        25       640     0.996    0.9777    0.9913    0.6032   0.03264   0.01437  0.004023
   198/399     1.64G   0.03665   0.01986  0.005392    0.0619        27       640    0.9763    0.9599    0.9797    0.6017   0.03143   0.01423  0.003911
   199/399     1.64G   0.04002   0.02097  0.004815   0.06581        38       640    0.9763    0.9599    0.9797    0.6017   0.03143   0.01423  0.003911
   200/399     1.64G   0.04013   0.01964  0.004959   0.06473        43       640    0.9743    0.9443    0.9815    0.5581   0.03428   0.01419  0.003852
   201/399     1.64G   0.03829   0.01879  0.005172   0.06226        36       640    0.9991    0.9908    0.9951    0.6113   0.03132   0.01396  0.003729
   202/399     1.64G    0.0358   0.01731   0.00502   0.05813        17       640    0.9768    0.9804    0.9891    0.5297   0.03075   0.01425  0.003586
   203/399     1.64G   0.04155   0.01748  0.004551   0.06359        25       640    0.9768    0.9804    0.9891    0.5297   0.03075   0.01425  0.003586
   204/399     1.64G   0.04251   0.01717  0.004635   0.06432        20       640    0.9651    0.9756     0.986    0.4657   0.03925   0.01464  0.003509
   205/399     1.64G   0.03724   0.01615  0.004837   0.05822        23       640    0.9952         1    0.9951    0.6664   0.03153   0.01357  0.003678
   206/399     1.64G   0.03513   0.01832  0.005211   0.05866        35       640     0.862    0.9402    0.9908     0.495   0.03577   0.01369  0.003853
   207/399     1.64G   0.04513   0.01806   0.00499   0.06819        37       640     0.862    0.9402    0.9908     0.495   0.03577   0.01369  0.003853
   208/399     1.64G   0.04632   0.01905  0.005051   0.07042        30       640    0.8029     0.902    0.9634    0.5186   0.04159   0.01387  0.003775
   209/399     1.64G   0.04286   0.01725  0.004896   0.06501        34       640    0.9696         1    0.9833     0.483   0.03311    0.0133  0.003438
   210/399     1.64G   0.04119   0.01769  0.004915    0.0638        36       640    0.8651    0.9922    0.9823     0.536   0.03298   0.01397   0.00323
   211/399     1.64G   0.04449   0.01621  0.004571   0.06527        23       640    0.8651    0.9922    0.9823     0.536   0.03298   0.01397   0.00323
   212/399     1.64G   0.04338   0.01857  0.004258   0.06621        29       640    0.7472    0.9159    0.8925    0.5085   0.03704    0.0143  0.003125
   213/399     1.64G   0.04093   0.01914   0.00438   0.06445        22       640    0.9027    0.9948    0.9646    0.5862   0.03093    0.0134  0.003084
   214/399     1.64G    0.0357   0.01818  0.004384   0.05827        32       640    0.8027    0.9992    0.9339    0.5932   0.02974   0.01308  0.002911
   215/399     1.64G   0.03821     0.017  0.003817   0.05902        31       640    0.8027    0.9992    0.9339    0.5932   0.02974   0.01308  0.002911
   216/399     1.64G   0.04254   0.01903  0.003811   0.06538        33       640    0.8029    0.8374    0.8778    0.6044   0.03456   0.01356  0.002783
   217/399     1.64G   0.03799   0.01845  0.003949   0.06039        47       640    0.8649    0.8771    0.9113    0.5689   0.02877   0.01315  0.002699
   218/399     1.64G   0.03675   0.01609  0.003915   0.05676        25       640    0.9413    0.8627    0.9707    0.6748   0.03502   0.01358  0.002559
   219/399     1.64G   0.04134     0.017  0.003248   0.06159        27       640    0.9413    0.8627    0.9707    0.6748   0.03502   0.01358  0.002559
   220/399     1.64G   0.04204   0.01849  0.003574   0.06411        39       640    0.9227    0.8431    0.9775    0.6979   0.04161   0.01396  0.002469
   221/399     1.64G    0.0376   0.01611  0.003443   0.05715        31       640    0.9336         1    0.9952    0.6349   0.02875   0.01299   0.00249
   222/399     1.64G   0.03297   0.01732  0.003446   0.05374        39       640    0.8752    0.9241    0.9942    0.5713   0.03145   0.01319  0.002446
   223/399     1.64G    0.0374   0.01729  0.003792   0.05848        26       640    0.8752    0.9241    0.9942    0.5713   0.03145   0.01319  0.002446
   224/399     1.64G   0.04025   0.01822  0.003376   0.06185        35       640    0.8564    0.9245    0.9677    0.4481   0.03516   0.01353  0.002454
   225/399     1.64G   0.03649   0.01377  0.003292   0.05355        25       640    0.9285         1    0.9782    0.5792    0.0292   0.01277  0.002526
   226/399     1.64G   0.03399   0.01843  0.003185    0.0556        24       640    0.9052    0.9804    0.9943    0.4391   0.03381   0.01297  0.002426
   227/399     1.64G   0.03808   0.01719  0.003301   0.05857        35       640    0.9052    0.9804    0.9943    0.4391   0.03381   0.01297  0.002426
   228/399     1.64G   0.04088   0.01669  0.003373   0.06094        27       640    0.6258    0.9673    0.8561    0.2412   0.04181   0.01332  0.002428
   229/399     1.64G    0.0352   0.01744  0.003159    0.0558        42       640    0.9074    0.9993    0.9952    0.4709   0.02849   0.01241    0.0025
   230/399     1.64G   0.02945   0.01879   0.00294   0.05117        33       640    0.8807    0.9608    0.9486    0.6094   0.03183   0.01261  0.002444
   231/399     1.64G   0.03738   0.01754  0.003409   0.05832        37       640    0.8807    0.9608    0.9486    0.6094   0.03183   0.01261  0.002444
   232/399     1.64G   0.03937   0.01775  0.003161   0.06028        28       640    0.8115     0.902    0.9414    0.4577   0.04012   0.01317   0.00245
   233/399     1.64G    0.0359   0.01597  0.003558   0.05543        33       640    0.9436    0.9819    0.9952    0.5773   0.03144   0.01244  0.002525
   234/399     1.64G   0.03337   0.01661  0.003455   0.05344        30       640    0.9971         1    0.9953    0.6432   0.02857   0.01228  0.002551
   235/399     1.64G   0.03584   0.01895  0.003174   0.05796        42       640    0.9971         1    0.9953    0.6432   0.02857   0.01228  0.002551
   236/399     1.64G   0.03671   0.01569  0.003826   0.05623        17       640    0.9027    0.9499    0.9753    0.5852   0.03238   0.01265  0.002608
   237/399     1.64G   0.03424   0.01722  0.003582   0.05504        41       640    0.9987    0.9999    0.9953    0.7196   0.02578   0.01208  0.002714
   238/399     1.64G   0.03105   0.01633  0.003744   0.05112        31       640    0.9993         1    0.9953    0.6945   0.02493   0.01218  0.002805
   239/399     1.64G   0.03106   0.01497  0.003525   0.04956        26       640    0.9993         1    0.9953    0.6945   0.02493   0.01218  0.002805
   240/399     1.64G   0.03236    0.0185   0.00376   0.05462        46       640    0.9972         1    0.9952    0.6408   0.03032   0.01284  0.002881
   241/399     1.64G   0.03042   0.01604  0.003836    0.0503        32       640    0.9991         1    0.9953     0.765    0.0231   0.01202  0.002883
   242/399     1.64G   0.02976   0.01646   0.00371   0.04992        26       640    0.9118    0.9921    0.9856    0.4101    0.0334   0.01257  0.002818
   243/399     1.64G   0.04173    0.0155   0.00362   0.06085        29       640    0.9118    0.9921    0.9856    0.4101    0.0334   0.01257  0.002818
   244/399     1.64G   0.04107   0.01647  0.003627   0.06117        36       640    0.6758         1    0.7638    0.2844   0.03693   0.01282    0.0028
   245/399     1.64G   0.03573   0.01662  0.003918   0.05627        34       640    0.9664    0.9995    0.9953    0.7067   0.02611   0.01173  0.002764
   246/399     1.64G    0.0319   0.01721  0.003792    0.0529        35       640    0.8381         1    0.9099    0.5385   0.02701   0.01204  0.002678
   247/399     1.64G   0.03453   0.01632  0.003675   0.05452        23       640    0.8381         1    0.9099    0.5385   0.02701   0.01204  0.002678
   248/399     1.64G   0.03779   0.01563  0.003303   0.05672        29       640     0.703    0.9998    0.8506    0.4199   0.03438   0.01263    0.0026
   249/399     1.64G   0.03355   0.01663  0.003328   0.05351        34       640    0.8744    0.9996    0.9496    0.5535   0.02658   0.01193   0.00251
   250/399     1.64G   0.02983   0.01494  0.003351   0.04812        25       640    0.9792    0.9997    0.9944    0.6656    0.0237   0.01157  0.002432
   251/399     1.64G   0.03075   0.01719  0.002884   0.05082        23       640    0.9792    0.9997    0.9944    0.6656    0.0237   0.01157  0.002432
   252/399     1.64G   0.03185    0.0168  0.003205   0.05185        49       640    0.9958    0.9795    0.9935    0.6647    0.0262   0.01174  0.002347
   253/399     1.64G   0.02825   0.01655  0.002766   0.04757        36       640    0.9962         1    0.9953     0.743   0.02111   0.01123  0.002269
   254/399     1.64G   0.02724   0.01409  0.003148   0.04447        27       640    0.9964         1    0.9953    0.6037   0.02486   0.01187  0.002237
   255/399     1.64G   0.03014   0.01652   0.00268   0.04933        37       640    0.9964         1    0.9953    0.6037   0.02486   0.01187  0.002237
   256/399     1.64G   0.03214   0.01457  0.002834   0.04954        28       640    0.9915    0.9998    0.9953     0.549   0.03058    0.0124  0.002178
   257/399     1.64G   0.02996   0.01621  0.002655   0.04883        48       640    0.9965         1    0.9953     0.748   0.02272   0.01156  0.002127
   258/399     1.64G    0.0266   0.01413  0.002684   0.04341        27       640    0.9975         1    0.9953    0.6811    0.0229   0.01191  0.002093
   259/399     1.64G   0.02929    0.0151  0.002659   0.04706        29       640    0.9975         1    0.9953    0.6811    0.0229   0.01191  0.002093
   260/399     1.64G   0.03001   0.01584  0.002545   0.04839        24       640     0.998    0.9998    0.9953    0.6921   0.02735   0.01219  0.002083
   261/399     1.64G   0.02892   0.01341  0.002635   0.04496        21       640    0.9979         1    0.9953    0.7593   0.02145   0.01131  0.002156
   262/399     1.64G   0.03072   0.01796  0.002667   0.05134        32       640    0.9986         1    0.9953    0.5619   0.03109   0.01279  0.002215
   263/399     1.64G   0.04067   0.01827  0.002608   0.06154        34       640    0.9986         1    0.9953    0.5619   0.03109   0.01279  0.002215
   264/399     1.64G    0.0405   0.01723  0.002751   0.06048        26       640    0.9993         1    0.9953    0.5064   0.03511   0.01309  0.002263
   265/399     1.64G   0.03379   0.01666  0.002742   0.05318        46       640     0.999         1    0.9954    0.7329   0.02427   0.01156  0.002162
   266/399     1.64G   0.02993   0.01652  0.002606   0.04905        34       640    0.9986         1    0.9954    0.7679    0.0236   0.01149  0.002075
   267/399     1.64G   0.03142   0.01596  0.002583   0.04996        31       640    0.9986         1    0.9954    0.7679    0.0236   0.01149  0.002075
   268/399     1.64G   0.03214   0.01439   0.00281   0.04934        24       640    0.9985         1    0.9954    0.7601   0.02733   0.01181  0.002036
   269/399     1.64G   0.03136    0.0165  0.002451   0.05031        17       640    0.9986    0.9999    0.9954    0.6552   0.02327   0.01139  0.002008
   270/399     1.64G   0.02753    0.0155  0.002724   0.04575        26       640    0.9988         1    0.9954    0.6987   0.02287   0.01144  0.001949
   271/399     1.64G   0.03047   0.01494  0.002528   0.04794        20       640    0.9988         1    0.9954    0.6987   0.02287   0.01144  0.001949
   272/399     1.64G   0.03102   0.01424  0.002521   0.04779        27       640    0.9952         1    0.9953    0.6049   0.02775   0.01197  0.001905
   273/399     1.64G   0.02787   0.01538  0.002355    0.0456        35       640     0.999    0.9999    0.9954    0.7904    0.0189   0.01087  0.001846
   274/399     1.64G   0.02387    0.0158  0.002145   0.04182        45       640    0.9992         1    0.9954    0.6686   0.02418   0.01147  0.001792
   275/399     1.64G   0.03026   0.01592  0.002293   0.04847        27       640    0.9992         1    0.9954    0.6686   0.02418   0.01147  0.001792
   276/399     1.64G   0.02949   0.01395  0.002529   0.04597        24       640     0.992    0.9996    0.9954    0.6682   0.02699   0.01173   0.00174
   277/399     1.64G   0.02722   0.01496  0.002243   0.04442        28       640    0.9993         1    0.9954    0.7872   0.02017   0.01098  0.001722
   278/399     1.64G   0.02745   0.01612  0.002198   0.04576        33       640    0.9994         1    0.9953    0.6047   0.02787   0.01197    0.0017
   279/399     1.64G   0.03311   0.01538  0.002273   0.05077        27       640    0.9994         1    0.9953    0.6047   0.02787   0.01197    0.0017
   280/399     1.64G   0.03458   0.01677  0.002273   0.05362        31       640    0.9994         1    0.9953    0.5386   0.03328   0.01258  0.001686
   281/399     1.64G    0.0302   0.01343   0.00249   0.04612        23       640    0.9992    0.9993    0.9953    0.7825   0.02097   0.01092  0.001685
   282/399     1.64G   0.02577   0.01624  0.002253   0.04426        37       640    0.9993         1    0.9953    0.7863   0.02186   0.01105  0.001659
   283/399     1.64G   0.02523   0.01505  0.002154   0.04244        29       640    0.9993         1    0.9953    0.7863   0.02186   0.01105  0.001659
   284/399     1.64G   0.02724   0.01462  0.002112   0.04397        39       640    0.9994    0.9999    0.9953    0.7744     0.026   0.01153  0.001636
   285/399     1.64G   0.02539   0.01431  0.002318   0.04202        23       640    0.9994         1    0.9954    0.7732   0.02026    0.0109  0.001632
   286/399     1.64G   0.02372   0.01563  0.002033   0.04139        41       640    0.9994         1    0.9954    0.7741   0.02161   0.01093    0.0016
   287/399     1.64G     0.029   0.01804  0.002074   0.04911        34       640    0.9994         1    0.9954    0.7741   0.02161   0.01093    0.0016
   288/399     1.64G   0.02923   0.01399  0.002314   0.04553        18       640    0.9995         1    0.9954     0.756   0.02512   0.01136  0.001576
   289/399     1.64G   0.02531   0.01407  0.002299   0.04167        26       640    0.9988         1    0.9954    0.7892   0.02019   0.01087  0.001585
   290/399     1.64G   0.02327   0.01303  0.002151   0.03845        35       640    0.9994         1    0.9954    0.8078   0.01904   0.01087  0.001575
   291/399     1.64G   0.02243   0.01406  0.002154   0.03864        33       640    0.9994         1    0.9954    0.8078   0.01904   0.01087  0.001575
   292/399     1.64G   0.02303   0.01409  0.002076   0.03919        32       640    0.9993         1    0.9954    0.7992   0.02104   0.01117  0.001567
   293/399     1.64G   0.02156   0.01401  0.002058   0.03763        21       640    0.9989         1    0.9954    0.8419   0.01703   0.01077   0.00157
   294/399     1.64G   0.02055   0.01584  0.002161   0.03855        31       640    0.9987         1    0.9954    0.8175   0.01813   0.01077  0.001567
   295/399     1.64G   0.02237   0.01419   0.00216   0.03872        28       640    0.9987         1    0.9954    0.8175   0.01813   0.01077  0.001567
   296/399     1.64G   0.02174    0.0144  0.002084   0.03822        31       640    0.9987         1    0.9954    0.8153   0.01855   0.01078  0.001561
   297/399     1.64G   0.02083   0.01519  0.002139   0.03815        36       640    0.9989         1    0.9954     0.831   0.01679   0.01066  0.001541
   298/399     1.64G   0.02023   0.01339  0.001959   0.03558        22       640     0.999         1    0.9954    0.8179   0.01932   0.01104  0.001481
   299/399     1.64G   0.02556   0.01399  0.002269   0.04182        39       640     0.999         1    0.9954    0.8179   0.01932   0.01104  0.001481
   300/399     1.64G   0.02467    0.0145  0.001933    0.0411        31       640    0.9993         1    0.9954    0.8148   0.02104   0.01127  0.001449
   301/399     1.64G   0.02407   0.01358  0.002042   0.03969        26       640    0.9993         1    0.9954    0.7667   0.01867   0.01098  0.001415
   302/399     1.64G   0.02373   0.01432  0.002047    0.0401        35       640    0.9992         1    0.9954    0.6628   0.02295   0.01152  0.001385
   303/399     1.64G   0.03081   0.01487  0.001894   0.04758        25       640    0.9992         1    0.9954    0.6628   0.02295   0.01152  0.001385
   304/399     1.64G   0.02925   0.01482   0.00182   0.04589        28       640    0.9993         1    0.9954    0.5866   0.02503   0.01175  0.001359
   305/399     1.64G   0.02625   0.01608   0.00177    0.0441        51       640    0.9995         1    0.9954    0.8003   0.01872   0.01057  0.001335
   306/399     1.64G   0.02576   0.01297   0.00186   0.04059        39       640    0.9979         1    0.9954    0.7951   0.02678   0.01133  0.001311
   307/399     1.64G   0.03277   0.01708  0.001842    0.0517        34       640    0.9979         1    0.9954    0.7951   0.02678   0.01133  0.001311
   308/399     1.64G   0.03445   0.01386  0.001757   0.05006        30       640    0.9985         1    0.9954     0.766   0.03131   0.01176  0.001288
   309/399     1.64G   0.02898   0.01425  0.002031   0.04526        22       640    0.9996         1    0.9954    0.7574   0.02318   0.01091  0.001283
   310/399     1.64G   0.02465   0.01392    0.0018   0.04036        35       640    0.9997         1    0.9954    0.7661   0.02151   0.01081   0.00127
   311/399     1.64G   0.02812    0.0141  0.001686   0.04391        22       640    0.9997         1    0.9954    0.7661   0.02151   0.01081   0.00127
   312/399     1.64G   0.03125   0.01536  0.001874   0.04848        33       640    0.9978         1    0.9954    0.7164    0.0284   0.01154  0.001262
   313/399     1.64G   0.02701   0.01403  0.001875   0.04292        27       640    0.9998         1    0.9954    0.8061   0.02241   0.01078   0.00126
   314/399     1.64G   0.02471   0.01467  0.002137   0.04151        31       640    0.9999         1    0.9954    0.7411   0.02161   0.01088  0.001259
   315/399     1.64G   0.02831   0.01377  0.001732   0.04381        30       640    0.9999         1    0.9954    0.7411   0.02161   0.01088  0.001259
   316/399     1.64G   0.02922   0.01612  0.001658     0.047        36       640    0.9998         1    0.9954    0.7311   0.02362   0.01116  0.001269
   317/399     1.64G   0.02759   0.01572  0.001919   0.04524        37       640    0.9997         1    0.9955    0.7857   0.02019    0.0108  0.001268
   318/399     1.64G   0.02364   0.01604  0.001634   0.04131        27       640    0.9996         1    0.9955    0.7458    0.0216   0.01097  0.001254
   319/399     1.64G   0.02636   0.01345  0.001767   0.04158        18       640    0.9996         1    0.9955    0.7458    0.0216   0.01097  0.001254
   320/399     1.64G     0.027   0.01584   0.00157   0.04441        36       640    0.9993         1    0.9955    0.7466   0.02676   0.01149   0.00125
   321/399     1.64G   0.02647   0.01658  0.001753    0.0448        36       640    0.9995         1    0.9955     0.805   0.02223   0.01092  0.001246
   322/399     1.64G    0.0228   0.01331  0.001644   0.03775        22       640    0.9994         1    0.9955    0.7544   0.01883   0.01082  0.001244
   323/399     1.64G   0.02416    0.0147   0.00172   0.04059        38       640    0.9994         1    0.9955    0.7544   0.01883   0.01082  0.001244
   324/399     1.64G   0.02502   0.01551  0.001551   0.04208        37       640    0.9993         1    0.9955    0.7221   0.02102   0.01113  0.001243
   325/399     1.64G   0.02417   0.01511  0.002329   0.04161        30       640    0.9992         1    0.9955     0.806   0.01741   0.01052  0.001248
   326/399     1.64G   0.02249   0.01603  0.001963   0.04049        37       640    0.9986         1    0.9955    0.7272   0.02105   0.01099  0.001263
   327/399     1.64G   0.02569   0.01583  0.001563   0.04308        42       640    0.9986         1    0.9955    0.7272   0.02105   0.01099  0.001263
   328/399     1.64G   0.02443    0.0118  0.001663    0.0379        29       640    0.9987         1    0.9955    0.7301   0.02299   0.01112  0.001262
   329/399     1.64G   0.02297   0.01386  0.001597   0.03843        26       640    0.9988         1    0.9955      0.76   0.01852   0.01061  0.001253
   330/399     1.64G   0.02229   0.01364  0.001826   0.03776        20       640    0.9989         1    0.9955    0.7918   0.01823   0.01062  0.001255
   331/399     1.64G   0.02382   0.01382  0.001825   0.03946        30       640    0.9989         1    0.9955    0.7918   0.01823   0.01062  0.001255
   332/399     1.64G   0.02443    0.0158  0.001667    0.0419        34       640    0.9993         1    0.9955    0.7821   0.01916   0.01075   0.00126
   333/399     1.64G   0.02135   0.01421  0.001649   0.03721        41       640    0.9996         1    0.9955    0.8136   0.01595    0.0103  0.001259
   334/399     1.64G   0.01852   0.01397  0.001694   0.03418        30       640    0.9998         1    0.9954    0.7951   0.01719   0.01052  0.001238
   335/399     1.64G    0.0199   0.01318  0.001742   0.03482        21       640    0.9998         1    0.9954    0.7951   0.01719   0.01052  0.001238
   336/399     1.64G   0.02081   0.01396  0.001704   0.03647        23       640    0.9998         1    0.9954    0.7875   0.01901   0.01078  0.001236
   337/399     1.64G   0.02058   0.01326  0.001719   0.03555        32       640    0.9999         1    0.9954    0.8266   0.01714   0.01047  0.001226
   338/399     1.64G   0.01935   0.01432  0.001671   0.03534        23       640    0.9999         1    0.9954    0.8119   0.01552    0.0103  0.001196
   339/399     1.64G   0.02083   0.01412  0.001455    0.0364        24       640    0.9999         1    0.9954    0.8119   0.01552    0.0103  0.001196
   340/399     1.64G   0.02039   0.01383  0.001637   0.03585        19       640    0.9998         1    0.9955    0.8017   0.01578   0.01031  0.001173
   341/399     1.64G   0.01947    0.0115  0.001794   0.03276        27       640    0.9998         1    0.9955    0.8243   0.01448   0.01004  0.001152
   342/399     1.64G   0.01884   0.01371  0.001409   0.03396        24       640    0.9997         1    0.9955     0.826   0.01664   0.01027  0.001119
   343/399     1.64G   0.01985   0.01364  0.001522   0.03501        33       640    0.9997         1    0.9955     0.826   0.01664   0.01027  0.001119
   344/399     1.64G   0.02146   0.01411  0.001498   0.03708        47       640    0.9995         1    0.9955    0.8082   0.01927   0.01059  0.001092
   345/399     1.64G   0.02046    0.0128  0.001468   0.03473        19       640    0.9995         1    0.9955    0.8202   0.01736   0.01028  0.001067
   346/399     1.64G   0.01873   0.01251  0.001689   0.03293        22       640    0.9995         1    0.9955    0.8004   0.01705   0.01032  0.001037
   347/399     1.64G   0.02187   0.01333   0.00138   0.03657        19       640    0.9995         1    0.9955    0.8004   0.01705   0.01032  0.001037
   348/399     1.64G    0.0222   0.01329   0.00129   0.03679        41       640    0.9994         1    0.9955    0.7929   0.01844   0.01056  0.001011
   349/399     1.64G   0.02072    0.0146  0.001295   0.03662        31       640    0.9996         1    0.9955    0.8213   0.01518  0.009983 0.0009943
   350/399     1.64G   0.01941   0.01394  0.001692   0.03504        37       640    0.9996         1    0.9955    0.7854    0.0172   0.01032 0.0009696
   351/399     1.64G   0.02051   0.01286  0.001186   0.03455        26       640    0.9996         1    0.9955    0.7854    0.0172   0.01032 0.0009696
   352/399     1.64G   0.02117   0.01354  0.001308   0.03601        35       640    0.9996         1    0.9955    0.7615   0.01878   0.01058 0.0009441
   353/399     1.64G   0.02088   0.01353  0.001297    0.0357        32       640    0.9997         1    0.9955    0.8194   0.01634   0.01009 0.0009312
   354/399     1.64G   0.01935   0.01348  0.001212   0.03404        25       640    0.9998         1    0.9955    0.8056   0.01816   0.01036 0.0009152
   355/399     1.64G   0.02141   0.01341  0.001171   0.03599        29       640    0.9998         1    0.9955    0.8056   0.01816   0.01036 0.0009152
   356/399     1.64G   0.02282   0.01358  0.001287   0.03769        37       640    0.9998         1    0.9955    0.8018   0.01983   0.01063 0.0008967
   357/399     1.64G   0.02046   0.01499  0.001169   0.03662        28       640    0.9999         1    0.9955    0.8155   0.01562  0.009981 0.0008885
   358/399     1.64G   0.01905   0.01214  0.001185   0.03238        49       640    0.9997         1    0.9955    0.7824   0.01866   0.01055 0.0008739
   359/399     1.64G   0.02153   0.01457   0.00123   0.03733        30       640    0.9997         1    0.9955    0.7824   0.01866   0.01055 0.0008739
   360/399     1.64G   0.02213    0.0157  0.001207   0.03904        31       640    0.9996         1    0.9955    0.7579   0.02026   0.01084 0.0008668
   361/399     1.64G   0.02019   0.01177    0.0012   0.03317        20       640    0.9997         1    0.9955    0.8386    0.0159   0.01015 0.0008628
   362/399     1.64G   0.02013   0.01153  0.001266   0.03292        23       640    0.9997         1    0.9956    0.8313   0.01887   0.01053 0.0008588
   363/399     1.64G   0.02127   0.01298  0.001138   0.03539        25       640    0.9997         1    0.9956    0.8313   0.01887   0.01053 0.0008588
   364/399     1.64G   0.02085   0.01491  0.001118   0.03688        40       640    0.9995         1    0.9955    0.8339   0.01989   0.01065 0.0008531
   365/399     1.64G   0.02113    0.0125   0.00137     0.035        20       640    0.9995         1    0.9955    0.8376   0.01541  0.009948 0.0008488
   366/399     1.64G   0.01882   0.01309  0.001101   0.03301        34       640    0.9995         1    0.9955     0.822   0.01862   0.01062 0.0008396
   367/399     1.64G   0.02108   0.01444   0.00124   0.03676        38       640    0.9995         1    0.9955     0.822   0.01862   0.01062 0.0008396
   368/399     1.64G   0.02273    0.0148  0.001183   0.03872        22       640    0.9995         1    0.9955    0.8047   0.02187   0.01118 0.0008318
   369/399     1.64G   0.02176   0.01414  0.001252   0.03715        19       640    0.9995         1    0.9955    0.8192   0.01738   0.01043 0.0008329
   370/399     1.64G   0.01933   0.01315  0.001237   0.03372        20       640    0.9995         1    0.9956    0.8036   0.01745   0.01034 0.0008315
   371/399     1.64G   0.02066   0.01399  0.001093   0.03575        31       640    0.9995         1    0.9956    0.8036   0.01745   0.01034 0.0008315
   372/399     1.64G   0.01952   0.01217  0.001091   0.03278        18       640    0.9995         1    0.9956    0.7624   0.01934   0.01061 0.0008313
   373/399     1.64G   0.01961   0.01441  0.001187   0.03521        32       640    0.9995         1    0.9955    0.8282    0.0166   0.01017  0.000833
   374/399     1.64G   0.01955   0.01117  0.001087    0.0318        13       640    0.9995         1    0.9955    0.8219   0.01858   0.01061 0.0008287
   375/399     1.64G   0.02162   0.01403  0.001087   0.03673        22       640    0.9995         1    0.9955    0.8219   0.01858   0.01061 0.0008287
   376/399     1.64G   0.02188   0.01506  0.001179   0.03812        43       640    0.9994         1    0.9955    0.8218   0.02122   0.01102 0.0008238
   377/399     1.64G   0.02003   0.01288  0.001321   0.03424        31       640    0.9993         1    0.9955    0.8256   0.01687   0.01029 0.0008292
   378/399     1.64G   0.01887   0.01375   0.00111   0.03373        34       640    0.9992         1    0.9956     0.792   0.01995   0.01066 0.0008251
   379/399     1.64G   0.02225    0.0132  0.001134   0.03658        25       640    0.9992         1    0.9956     0.792   0.01995   0.01066 0.0008251
   380/399     1.64G   0.02265   0.01405   0.00115   0.03785        38       640    0.9993         1    0.9956    0.7907   0.02152   0.01083 0.0008198
   381/399     1.64G   0.02062   0.01485  0.001255   0.03672        22       640    0.9993         1    0.9956    0.8425   0.01703   0.01004 0.0008225
   382/399     1.64G   0.02052   0.01177  0.001156   0.03345        27       640    0.9994         1    0.9955    0.8157   0.02046   0.01072 0.0008238
   383/399     1.64G   0.02297   0.01353  0.001132   0.03764        32       640    0.9994         1    0.9955    0.8157   0.02046   0.01072 0.0008238
   384/399     1.64G   0.02306   0.01313  0.001165   0.03736        29       640    0.9983         1    0.9955    0.8205   0.02365    0.0112 0.0008271
   385/399     1.64G   0.02307   0.01416  0.001094   0.03832        40       640    0.9998         1    0.9955    0.8182   0.01824   0.01037   0.00084
   386/399     1.64G   0.02025   0.01317  0.001271   0.03469        32       640    0.9997         1    0.9955    0.7894   0.01835   0.01029 0.0008486
   387/399     1.64G   0.01888   0.01363  0.001217   0.03372        36       640    0.9997         1    0.9955    0.7894   0.01835   0.01029 0.0008486
   388/399     1.64G   0.02104   0.01334  0.001437   0.03582        22       640    0.9996         1    0.9955     0.761    0.0202   0.01041 0.0008583
   389/399     1.64G   0.01892   0.01331   0.00129   0.03353        29       640    0.9996         1    0.9955    0.8508   0.01843   0.01014 0.0008653
   390/399     1.64G   0.01901   0.01337  0.001335   0.03372        45       640    0.9996         1    0.9955    0.8349    0.0154  0.009748  0.000872
   391/399     1.64G    0.0182   0.01357  0.001094   0.03286        29       640    0.9996         1    0.9955    0.8349    0.0154  0.009748  0.000872
   392/399     1.64G   0.01947   0.01231  0.001561   0.03334        35       640    0.9995         1    0.9956    0.8109    0.0161  0.009824 0.0008765
   393/399     1.64G   0.01807   0.01436  0.001143   0.03357        26       640    0.9996         1    0.9956     0.815   0.01499  0.009667 0.0008771
   394/399     1.64G   0.01831   0.01386  0.001125    0.0333        26       640    0.9996         1    0.9956    0.8052   0.01798    0.0101 0.0008685
   395/399     1.64G   0.02131   0.01421  0.001211   0.03673        41       640    0.9996         1    0.9956    0.8052   0.01798    0.0101 0.0008685
   396/399     1.64G    0.0219   0.01459   0.00122   0.03771        45       640    0.9996         1    0.9956    0.7975   0.02028   0.01042  0.000866
   397/399     1.64G   0.02026   0.01209  0.001325   0.03367        25       640    0.9997         1    0.9956    0.8361   0.01714  0.009908 0.0008715
   398/399     1.64G   0.01873   0.01431  0.001242   0.03427        26       640    0.9997         1    0.9956    0.8351   0.01613  0.009923 0.0008761
   399/399     1.64G   0.01856   0.01242  0.001367   0.03234        28       640    0.9997         1    0.9956    0.8351   0.01613  0.009923 0.0008761
